(
MF440740:0.01211,
MK673900:0.13025,
MT875141:0.00698);
